0 0 0 600 0 0
0 0 800 0 0 0
0 600 0 0 0 0
0 0 800 0 300 1100
0 0 800 600 0 800
0 0 800 0 600 800
0 300 1100 600 300 1100
0 300 1100 0 600 800
600 600 0 0 600 0
0 600 0 0 600 800
0 600 800 600 600 800
600 0 0 1200 0 0
600 0 800 600 0 0
600 600 0 600 0 0
1200 0 800 600 0 800
600 300 1100 600 0 800
600 300 1100 1200 300 1100
600 300 1100 600 600 800
1200 600 0 600 600 0
600 600 800 600 600 0
1200 600 800 600 600 800
1200 0 0 1200 0 800
1200 0 0 1200 600 0
1200 300 1100 1200 0 800
1200 600 800 1200 0 800
1200 600 800 1200 300 1100
1200 600 800 1200 600 0